                       WYKRES 0


*********************************DLA 5 WEZLOW*********************************

LAGRANGE
             -5	    1.38879e-11
           -4.9	      -0.112136
           -4.8	       -0.20987
           -4.7	      -0.293945
           -4.6	       -0.36509
           -4.5	      -0.424015
           -4.4	       -0.47142
           -4.3	      -0.507984
           -4.2	      -0.534376
           -4.1	      -0.551245
             -4	      -0.559228
           -3.9	      -0.558945
           -3.8	      -0.551001
           -3.7	      -0.535986
           -3.6	      -0.514475
           -3.5	      -0.487027
           -3.4	      -0.454186
           -3.3	      -0.416479
           -3.2	      -0.374422
           -3.1	       -0.32851
             -3	      -0.279228
           -2.9	      -0.227042
           -2.8	      -0.172404
           -2.7	      -0.115751
           -2.6	     -0.0575042
           -2.5	     0.00193045
           -2.4	      0.0621622
           -2.3	       0.122816
           -2.2	       0.183531
           -2.1	       0.243964
             -2	       0.303784
           -1.9	       0.362677
           -1.8	       0.420346
           -1.7	       0.476506
           -1.6	       0.530889
           -1.5	       0.583243
           -1.4	        0.63333
           -1.3	       0.680928
           -1.2	        0.72583
           -1.1	       0.767844
             -1	       0.806795
           -0.9	       0.842522
           -0.8	       0.874878
           -0.7	       0.903734
           -0.6	       0.928976
           -0.5	       0.950502
           -0.4	       0.968229
           -0.3	       0.982089
           -0.2	       0.992027
           -0.1	       0.998005
   -1.02696e-15	              1
            0.1	       0.998005
            0.2	       0.992027
            0.3	       0.982089
            0.4	       0.968229
            0.5	       0.950502
            0.6	       0.928976
            0.7	       0.903734
            0.8	       0.874878
            0.9	       0.842522
              1	       0.806795
            1.1	       0.767844
            1.2	        0.72583
            1.3	       0.680928
            1.4	        0.63333
            1.5	       0.583243
            1.6	       0.530889
            1.7	       0.476506
            1.8	       0.420346
            1.9	       0.362677
              2	       0.303784
            2.1	       0.243964
            2.2	       0.183531
            2.3	       0.122816
            2.4	      0.0621622
            2.5	     0.00193045
            2.6	     -0.0575042
            2.7	      -0.115751
            2.8	      -0.172404
            2.9	      -0.227042
              3	      -0.279228
            3.1	       -0.32851
            3.2	      -0.374422
            3.3	      -0.416479
            3.4	      -0.454186
            3.5	      -0.487027
            3.6	      -0.514475
            3.7	      -0.535986
            3.8	      -0.551001
            3.9	      -0.558945
              4	      -0.559228
            4.1	      -0.551245
            4.2	      -0.534376
            4.3	      -0.507984
            4.4	       -0.47142
            4.5	      -0.424015
            4.6	       -0.36509
            4.7	      -0.293945
            4.8	       -0.20987
            4.9	      -0.112136
              5	    1.38848e-11

CZYBYSZEW
             -5	       0.199912
           -4.9	       0.109929
           -4.8	      0.0314945
           -4.7	     -0.0359864
           -4.6	     -0.0930974
           -4.5	       -0.14041
           -4.4	      -0.178482
           -4.3	      -0.207862
           -4.2	      -0.229083
           -4.1	      -0.242667
             -4	      -0.249125
           -3.9	      -0.248953
           -3.8	      -0.242637
           -3.7	       -0.23065
           -3.6	      -0.213453
           -3.5	      -0.191493
           -3.4	      -0.165208
           -3.3	      -0.135021
           -3.2	      -0.101343
           -3.1	     -0.0645736
             -3	        -0.0251
           -2.9	      0.0167034
           -2.8	      0.0604741
           -2.7	       0.105862
           -2.6	       0.152529
           -2.5	        0.20015
           -2.4	       0.248412
           -2.3	       0.297013
           -2.2	       0.345665
           -2.1	       0.394092
             -2	       0.442029
           -1.9	       0.489225
           -1.8	        0.53544
           -1.7	       0.580447
           -1.6	        0.62403
           -1.5	       0.665987
           -1.4	       0.706128
           -1.3	       0.744275
           -1.2	       0.780262
           -1.1	       0.813934
             -1	       0.845152
           -0.9	       0.873785
           -0.8	       0.899718
           -0.7	       0.922845
           -0.6	       0.943075
           -0.5	       0.960328
           -0.4	       0.974536
           -0.3	       0.985644
           -0.2	        0.99361
           -0.1	       0.998401
   -1.02696e-15	              1
            0.1	       0.998401
            0.2	        0.99361
            0.3	       0.985644
            0.4	       0.974536
            0.5	       0.960328
            0.6	       0.943075
            0.7	       0.922845
            0.8	       0.899718
            0.9	       0.873785
              1	       0.845152
            1.1	       0.813934
            1.2	       0.780262
            1.3	       0.744275
            1.4	       0.706128
            1.5	       0.665987
            1.6	        0.62403
            1.7	       0.580447
            1.8	        0.53544
            1.9	       0.489225
              2	       0.442029
            2.1	       0.394092
            2.2	       0.345665
            2.3	       0.297013
            2.4	       0.248412
            2.5	        0.20015
            2.6	       0.152529
            2.7	       0.105862
            2.8	      0.0604741
            2.9	      0.0167034
              3	        -0.0251
            3.1	     -0.0645736
            3.2	      -0.101343
            3.3	      -0.135021
            3.4	      -0.165208
            3.5	      -0.191493
            3.6	      -0.213453
            3.7	       -0.23065
            3.8	      -0.242637
            3.9	      -0.248953
              4	      -0.249125
            4.1	      -0.242667
            4.2	      -0.229083
            4.3	      -0.207862
            4.4	      -0.178482
            4.5	       -0.14041
            4.6	     -0.0930974
            4.7	     -0.0359864
            4.8	      0.0314945
            4.9	       0.109929
              5	       0.199912


*********************************DLA 10 WEZLOW*********************************

LAGRANGE
             -5	    1.38879e-11
           -4.9	     -0.0882413
           -4.8	      -0.136526
           -4.7	      -0.155162
           -4.6	      -0.152697
           -4.5	      -0.136128
           -4.4	       -0.11108
           -4.3	     -0.0819852
           -4.2	     -0.0522346
           -4.1	     -0.0243271
             -4	    1.12535e-07
           -3.9	      0.0196515
           -3.8	      0.0340641
           -3.7	      0.0431092
           -3.6	      0.0470047
           -3.5	      0.0462365
           -3.4	      0.0414887
           -3.3	       0.033583
           -3.2	      0.0234247
           -3.1	      0.0119575
             -3	     0.00012341
           -2.9	     -0.0111691
           -2.8	     -0.0210729
           -2.7	     -0.0288234
           -2.6	     -0.0337552
           -2.5	     -0.0353147
           -2.4	     -0.0330678
           -2.3	     -0.0267046
           -2.2	     -0.0160405
           -2.1	    -0.00101431
             -2	      0.0183156
           -1.9	      0.0417784
           -1.8	      0.0690986
           -1.7	      0.0999065
           -1.6	       0.133749
           -1.5	       0.170102
           -1.4	       0.208384
           -1.3	       0.247967
           -1.2	       0.288195
           -1.1	       0.328392
             -1	       0.367879
           -0.9	       0.405988
           -0.8	       0.442069
           -0.7	        0.47551
           -0.6	       0.505741
           -0.5	       0.532247
           -0.4	       0.554576
           -0.3	       0.572351
           -0.2	       0.585267
           -0.1	       0.593105
   -1.02696e-15	       0.595733
            0.1	       0.593105
            0.2	       0.585267
            0.3	       0.572351
            0.4	       0.554576
            0.5	       0.532247
            0.6	       0.505741
            0.7	        0.47551
            0.8	       0.442069
            0.9	       0.405988
              1	       0.367879
            1.1	       0.328392
            1.2	       0.288195
            1.3	       0.247967
            1.4	       0.208384
            1.5	       0.170102
            1.6	       0.133749
            1.7	      0.0999065
            1.8	      0.0690986
            1.9	      0.0417784
              2	      0.0183156
            2.1	    -0.00101431
            2.2	     -0.0160405
            2.3	     -0.0267046
            2.4	     -0.0330678
            2.5	     -0.0353147
            2.6	     -0.0337552
            2.7	     -0.0288234
            2.8	     -0.0210729
            2.9	     -0.0111691
              3	     0.00012341
            3.1	      0.0119575
            3.2	      0.0234247
            3.3	       0.033583
            3.4	      0.0414887
            3.5	      0.0462365
            3.6	      0.0470047
            3.7	      0.0431092
            3.8	      0.0340641
            3.9	      0.0196515
              4	    1.12535e-07
            4.1	     -0.0243271
            4.2	     -0.0522346
            4.3	     -0.0819852
            4.4	       -0.11108
            4.5	      -0.136128
            4.6	      -0.152697
            4.7	      -0.155162
            4.8	      -0.136526
            4.9	     -0.0882413
              5	     1.3885e-11

CZYBYSZEW
             -5	      0.0165922
           -4.9	    -0.00724703
           -4.8	     -0.0172043
           -4.7	     -0.0177412
           -4.6	      -0.012443
           -4.5	    -0.00412793
           -4.4	     0.00505334
           -4.3	      0.0135256
           -4.2	      0.0202048
           -4.1	       0.024422
             -4	      0.0258526
           -3.9	      0.0244545
           -3.8	      0.0204101
           -3.7	      0.0140764
           -3.6	     0.00593936
           -3.5	    -0.00342625
           -3.4	     -0.0133916
           -3.3	     -0.0233042
           -3.2	     -0.0325143
           -3.1	     -0.0403968
             -3	     -0.0463693
           -2.9	     -0.0499075
           -2.8	     -0.0505565
           -2.7	     -0.0479395
           -2.6	     -0.0417644
           -2.5	      -0.031827
           -2.4	     -0.0180125
           -2.3	   -0.000295273
           -2.2	      0.0212634
           -2.1	      0.0465193
             -2	      0.0752501
           -1.9	       0.107162
           -1.8	       0.141895
           -1.7	       0.179035
           -1.6	       0.218117
           -1.5	       0.258639
           -1.4	       0.300067
           -1.3	       0.341848
           -1.2	       0.383417
           -1.1	       0.424207
             -1	       0.463659
           -0.9	       0.501229
           -0.8	       0.536397
           -0.7	       0.568678
           -0.6	       0.597623
           -0.5	       0.622831
           -0.4	       0.643951
           -0.3	        0.66069
           -0.2	       0.672815
           -0.1	       0.680158
   -1.02696e-15	       0.682617
            0.1	       0.680158
            0.2	       0.672815
            0.3	        0.66069
            0.4	       0.643951
            0.5	       0.622831
            0.6	       0.597623
            0.7	       0.568678
            0.8	       0.536397
            0.9	       0.501229
              1	       0.463659
            1.1	       0.424207
            1.2	       0.383417
            1.3	       0.341848
            1.4	       0.300067
            1.5	       0.258639
            1.6	       0.218117
            1.7	       0.179035
            1.8	       0.141895
            1.9	       0.107162
              2	      0.0752501
            2.1	      0.0465193
            2.2	      0.0212634
            2.3	   -0.000295273
            2.4	     -0.0180125
            2.5	      -0.031827
            2.6	     -0.0417644
            2.7	     -0.0479395
            2.8	     -0.0505565
            2.9	     -0.0499075
              3	     -0.0463693
            3.1	     -0.0403968
            3.2	     -0.0325143
            3.3	     -0.0233042
            3.4	     -0.0133916
            3.5	    -0.00342625
            3.6	     0.00593936
            3.7	      0.0140764
            3.8	      0.0204101
            3.9	      0.0244545
              4	      0.0258526
            4.1	       0.024422
            4.2	      0.0202048
            4.3	      0.0135256
            4.4	     0.00505334
            4.5	    -0.00412793
            4.6	      -0.012443
            4.7	     -0.0177412
            4.8	     -0.0172043
            4.9	    -0.00724703
              5	      0.0165922


*********************************DLA 15 WEZLOW*********************************

LAGRANGE
             -5	    1.38879e-11
           -4.9	        3.71287
           -4.8	        4.52478
           -4.7	        3.92464
           -4.6	        2.80537
           -4.5	        1.65969
           -4.4	       0.722167
           -4.3	      0.0698583
           -4.2	      -0.308359
           -4.1	      -0.465882
             -4	      -0.469523
           -3.9	      -0.382768
           -3.8	      -0.257365
           -3.7	      -0.130378
           -3.6	     -0.0245808
           -3.5	      0.0493189
           -3.4	      0.0896785
           -3.3	       0.100832
           -3.2	      0.0903307
           -3.1	      0.0667289
             -3	       0.037994
           -2.9	       0.010519
           -2.8	     -0.0113377
           -2.7	     -0.0252931
           -2.6	     -0.0308817
           -2.5	     -0.0290118
           -2.4	     -0.0214399
           -2.3	     -0.0102472
           -2.2	     0.00261953
           -2.1	      0.0157007
             -2	      0.0282482
           -1.9	      0.0403163
           -1.8	      0.0527295
           -1.7	      0.0669462
           -1.6	      0.0848453
           -1.5	       0.108467
           -1.4	       0.139737
           -1.3	       0.180207
           -1.2	       0.230826
           -1.1	       0.291784
             -1	       0.362409
           -0.9	       0.441153
           -0.8	       0.525656
           -0.7	       0.612867
           -0.6	       0.699244
           -0.5	       0.780974
           -0.4	       0.854239
           -0.3	       0.915472
           -0.2	       0.961604
           -0.1	       0.990274
   -1.02696e-15	              1
            0.1	       0.990274
            0.2	       0.961604
            0.3	       0.915472
            0.4	       0.854239
            0.5	       0.780974
            0.6	       0.699244
            0.7	       0.612867
            0.8	       0.525656
            0.9	       0.441153
              1	       0.362409
            1.1	       0.291784
            1.2	       0.230826
            1.3	       0.180207
            1.4	       0.139737
            1.5	       0.108467
            1.6	      0.0848453
            1.7	      0.0669462
            1.8	      0.0527295
            1.9	      0.0403163
              2	      0.0282482
            2.1	      0.0157007
            2.2	     0.00261953
            2.3	     -0.0102472
            2.4	     -0.0214399
            2.5	     -0.0290118
            2.6	     -0.0308817
            2.7	     -0.0252931
            2.8	     -0.0113377
            2.9	       0.010519
              3	       0.037994
            3.1	      0.0667289
            3.2	      0.0903307
            3.3	       0.100832
            3.4	      0.0896785
            3.5	      0.0493189
            3.6	     -0.0245808
            3.7	      -0.130378
            3.8	      -0.257365
            3.9	      -0.382768
              4	      -0.469523
            4.1	      -0.465882
            4.2	      -0.308359
            4.3	      0.0698583
            4.4	       0.722167
            4.5	        1.65969
            4.6	        2.80537
            4.7	        3.92464
            4.8	        4.52478
            4.9	        3.71287
              5	    1.17317e-08

CZYBYSZEW
             -5	     -0.0227118
           -4.9	       0.022891
           -4.8	      0.0103429
           -4.7	     -0.0116847
           -4.6	     -0.0236499
           -4.5	      -0.021978
           -4.4	     -0.0105313
           -4.3	     0.00458005
           -4.2	      0.0178484
           -4.1	      0.0256495
             -4	      0.0265299
           -3.9	      0.0209221
           -3.8	      0.0105855
           -3.7	    -0.00202624
           -3.6	     -0.0143449
           -3.5	     -0.0241443
           -3.4	     -0.0298437
           -3.3	     -0.0306567
           -3.2	      -0.026603
           -3.1	     -0.0184098
             -3	    -0.00733609
           -2.9	     0.00504718
           -2.8	      0.0170908
           -2.7	      0.0272887
           -2.6	      0.0344665
           -2.5	      0.0379232
           -2.4	      0.0375178
           -2.3	      0.0336974
           -2.2	      0.0274704
           -2.1	      0.0203292
             -2	      0.0141334
           -1.9	       0.010963
           -1.8	      0.0129555
           -1.7	      0.0221379
           -1.6	      0.0402664
           -1.5	      0.0686841
           -1.4	       0.108206
           -1.3	       0.159035
           -1.2	       0.220723
           -1.1	       0.292162
             -1	       0.371621
           -0.9	       0.456822
           -0.8	        0.54504
           -0.7	       0.633237
           -0.6	       0.718213
           -0.5	       0.796761
           -0.4	       0.865833
           -0.3	        0.92269
           -0.2	       0.965043
           -0.1	        0.99117
   -1.02696e-15	              1
            0.1	        0.99117
            0.2	       0.965043
            0.3	        0.92269
            0.4	       0.865833
            0.5	       0.796761
            0.6	       0.718213
            0.7	       0.633237
            0.8	        0.54504
            0.9	       0.456822
              1	       0.371621
            1.1	       0.292162
            1.2	       0.220723
            1.3	       0.159035
            1.4	       0.108206
            1.5	      0.0686841
            1.6	      0.0402664
            1.7	      0.0221379
            1.8	      0.0129555
            1.9	       0.010963
              2	      0.0141334
            2.1	      0.0203292
            2.2	      0.0274704
            2.3	      0.0336974
            2.4	      0.0375178
            2.5	      0.0379232
            2.6	      0.0344665
            2.7	      0.0272887
            2.8	      0.0170908
            2.9	     0.00504718
              3	    -0.00733609
            3.1	     -0.0184098
            3.2	      -0.026603
            3.3	     -0.0306567
            3.4	     -0.0298437
            3.5	     -0.0241443
            3.6	     -0.0143449
            3.7	    -0.00202624
            3.8	      0.0105855
            3.9	      0.0209221
              4	      0.0265299
            4.1	      0.0256495
            4.2	      0.0178484
            4.3	     0.00458005
            4.4	     -0.0105313
            4.5	      -0.021978
            4.6	     -0.0236499
            4.7	     -0.0116847
            4.8	      0.0103429
            4.9	       0.022891
              5	     -0.0227118


*********************************DLA 20 WEZLOW*********************************

LAGRANGE
             -5	    1.38879e-11
           -4.9	        1.44746
           -4.8	        1.31206
           -4.7	       0.768245
           -4.6	       0.288619
           -4.5	    1.60523e-09
           -4.4	       -0.11717
           -4.3	      -0.125791
           -4.2	     -0.0854736
           -4.1	     -0.0366906
             -4	    1.12535e-07
           -3.9	      0.0187936
           -3.8	       0.022372
           -3.7	      0.0167434
           -3.6	     0.00787296
           -3.5	    4.78512e-06
           -3.4	    -0.00475868
           -3.3	    -0.00611893
           -3.2	    -0.00491507
           -3.1	    -0.00243442
             -3	     0.00012341
           -2.9	     0.00196061
           -2.8	      0.0027819
           -2.7	      0.0027352
           -2.6	     0.00226277
           -2.5	     0.00193045
           -2.4	     0.00228693
           -2.3	     0.00378333
           -2.2	     0.00676193
           -2.1	      0.0115041
             -2	      0.0183156
           -1.9	      0.0276209
           -1.8	      0.0400388
           -1.7	      0.0564164
           -1.6	      0.0778089
           -1.5	       0.105399
           -1.4	       0.140367
           -1.3	       0.183721
           -1.2	       0.236116
           -1.1	        0.29768
             -1	       0.367879
           -0.9	       0.445431
           -0.8	       0.528295
           -0.7	       0.613732
           -0.6	        0.69845
           -0.5	       0.778801
           -0.4	       0.851035
           -0.3	       0.911577
           -0.2	       0.957298
           -0.1	       0.985763
   -1.02696e-15	       0.995427
            0.1	       0.985763
            0.2	       0.957298
            0.3	       0.911577
            0.4	       0.851035
            0.5	       0.778801
            0.6	        0.69845
            0.7	       0.613732
            0.8	       0.528295
            0.9	       0.445431
              1	       0.367879
            1.1	        0.29768
            1.2	       0.236116
            1.3	       0.183721
            1.4	       0.140367
            1.5	       0.105399
            1.6	      0.0778089
            1.7	      0.0564164
            1.8	      0.0400388
            1.9	      0.0276209
              2	      0.0183156
            2.1	      0.0115041
            2.2	     0.00676193
            2.3	     0.00378333
            2.4	     0.00228693
            2.5	     0.00193045
            2.6	     0.00226277
            2.7	      0.0027352
            2.8	      0.0027819
            2.9	     0.00196061
              3	     0.00012341
            3.1	    -0.00243442
            3.2	    -0.00491507
            3.3	    -0.00611893
            3.4	    -0.00475868
            3.5	    4.78512e-06
            3.6	     0.00787296
            3.7	      0.0167434
            3.8	       0.022372
            3.9	      0.0187936
              4	    1.12535e-07
            4.1	     -0.0366906
            4.2	     -0.0854736
            4.3	      -0.125791
            4.4	       -0.11717
            4.5	    1.60523e-09
            4.6	       0.288619
            4.7	       0.768245
            4.8	        1.31206
            4.9	        1.44746
              5	    1.39656e-11

CZYBYSZEW
             -5	    -0.00160085
           -4.9	     0.00107679
           -4.8	    -0.00141483
           -4.7	    -0.00139088
           -4.6	    0.000369862
           -4.5	     0.00177646
           -4.4	     0.00178841
           -4.3	    0.000588296
           -4.2	   -0.000995913
           -4.1	    -0.00211007
             -4	    -0.00225996
           -3.9	    -0.00142491
           -3.8	    3.27915e-05
           -3.7	     0.00156247
           -3.6	     0.00263375
           -3.5	     0.00289694
           -3.4	     0.00226451
           -3.3	    0.000910723
           -3.2	   -0.000794577
           -3.1	    -0.00239082
             -3	    -0.00344075
           -2.9	    -0.00362707
           -2.8	    -0.00281287
           -2.7	    -0.00105564
           -2.6	     0.00142549
           -2.5	     0.00432211
           -2.4	     0.00733493
           -2.3	      0.0102816
           -2.2	      0.0131966
           -2.1	      0.0164069
             -2	      0.0205717
           -1.9	      0.0266779
           -1.8	      0.0359899
           -1.7	      0.0499564
           -1.6	      0.0700827
           -1.5	      0.0977803
           -1.4	       0.134208
           -1.3	       0.180123
           -1.2	       0.235747
           -1.1	        0.30068
             -1	       0.373845
           -0.9	       0.453498
           -0.8	       0.537286
           -0.7	       0.622349
           -0.6	       0.705478
           -0.5	         0.7833
           -0.4	       0.852481
           -0.3	       0.909934
           -0.2	        0.95302
           -0.1	       0.979719
   -1.02696e-15	       0.988763
            0.1	       0.979719
            0.2	        0.95302
            0.3	       0.909934
            0.4	       0.852481
            0.5	         0.7833
            0.6	       0.705478
            0.7	       0.622349
            0.8	       0.537286
            0.9	       0.453498
              1	       0.373845
            1.1	        0.30068
            1.2	       0.235747
            1.3	       0.180123
            1.4	       0.134208
            1.5	      0.0977803
            1.6	      0.0700827
            1.7	      0.0499564
            1.8	      0.0359899
            1.9	      0.0266779
              2	      0.0205717
            2.1	      0.0164069
            2.2	      0.0131966
            2.3	      0.0102816
            2.4	     0.00733493
            2.5	     0.00432211
            2.6	     0.00142549
            2.7	    -0.00105564
            2.8	    -0.00281287
            2.9	    -0.00362707
              3	    -0.00344075
            3.1	    -0.00239082
            3.2	   -0.000794577
            3.3	    0.000910723
            3.4	     0.00226451
            3.5	     0.00289694
            3.6	     0.00263375
            3.7	     0.00156247
            3.8	    3.27915e-05
            3.9	    -0.00142491
              4	    -0.00225996
            4.1	    -0.00211007
            4.2	   -0.000995913
            4.3	    0.000588296
            4.4	     0.00178841
            4.5	     0.00177646
            4.6	    0.000369862
            4.7	    -0.00139088
            4.8	    -0.00141483
            4.9	     0.00107679
              5	    -0.00160085





                       WYKRES 1


*********************************DLA 5 WEZLOW*********************************

LAGRANGE
             -5	             -1
           -4.9	       -1.14427
           -4.8	       -1.27097
           -4.7	       -1.38089
           -4.6	       -1.47484
           -4.5	        -1.5536
           -4.4	       -1.61792
           -4.3	       -1.66856
           -4.2	       -1.70624
           -4.1	       -1.73169
             -4	        -1.7456
           -3.9	       -1.74866
           -3.8	       -1.74154
           -3.7	        -1.7249
           -3.6	       -1.69938
           -3.5	        -1.6656
           -3.4	       -1.62417
           -3.3	       -1.57568
           -3.2	       -1.52072
           -3.1	       -1.45984
             -3	        -1.3936
           -2.9	       -1.32252
           -2.8	       -1.24713
           -2.7	       -1.16793
           -2.6	       -1.08539
           -2.5	             -1
           -2.4	      -0.912207
           -2.3	      -0.822454
           -2.2	      -0.731164
           -2.1	      -0.638748
             -2	        -0.5456
           -1.9	      -0.452099
           -1.8	      -0.358607
           -1.7	      -0.265475
           -1.6	      -0.173033
           -1.5	        -0.0816
           -1.4	     0.00852224
           -1.3	       0.097047
           -1.2	       0.183703
           -1.1	       0.268234
             -1	         0.3504
           -0.9	       0.429975
           -0.8	       0.506749
           -0.7	       0.580529
           -0.6	       0.651133
           -0.5	         0.7184
           -0.4	        0.78218
           -0.3	        0.84234
           -0.2	       0.898762
           -0.1	       0.951345
   -1.02696e-15	              1
            0.1	        1.04466
            0.2	        1.08526
            0.3	        1.12176
            0.4	        1.15415
            0.5	         1.1824
            0.6	        1.20653
            0.7	        1.22654
            0.8	        1.24249
            0.9	        1.25442
              1	         1.2624
            1.1	        1.26651
            1.2	        1.26684
            1.3	        1.26351
            1.4	        1.25665
            1.5	         1.2464
            1.6	        1.23292
            1.7	        1.21638
            1.8	        1.19698
            1.9	        1.17491
              2	         1.1504
            2.1	        1.12368
            2.2	        1.09501
            2.3	        1.06465
            2.4	        1.03288
            2.5	              1
            2.6	       0.966321
            2.7	        0.93217
            2.8	       0.897892
            2.9	       0.863844
              3	         0.8304
            3.1	       0.797949
            3.2	       0.766897
            3.3	       0.737661
            3.4	       0.710679
            3.5	         0.6864
            3.6	        0.66529
            3.7	       0.647831
            3.8	       0.634519
            3.9	       0.625866
              4	         0.6224
            4.1	       0.624663
            4.2	       0.633213
            4.3	       0.648625
            4.4	       0.671485
            4.5	         0.7024
            4.6	       0.741988
            4.7	       0.790884
            4.8	       0.849738
            4.9	       0.919217
              5	              1

CZYBYSZEW
             -5	      -0.740456
           -4.9	      -0.856782
           -4.8	      -0.958821
           -4.7	       -1.04722
           -4.6	       -1.12263
           -4.5	       -1.18567
           -4.4	       -1.23696
           -4.3	       -1.27709
           -4.2	       -1.30667
           -4.1	       -1.32626
             -4	       -1.33644
           -3.9	       -1.33775
           -3.8	       -1.33074
           -3.7	       -1.31593
           -3.6	       -1.29385
           -3.5	         -1.265
           -3.4	       -1.22987
           -3.3	       -1.18893
           -3.2	       -1.14267
           -3.1	       -1.09152
             -3	       -1.03594
           -2.9	      -0.976357
           -2.8	      -0.913186
           -2.7	      -0.846835
           -2.6	      -0.777697
           -2.5	      -0.706154
           -2.4	      -0.632575
           -2.3	      -0.557317
           -2.2	      -0.480724
           -2.1	      -0.403129
             -2	      -0.324852
           -1.9	        -0.2462
           -1.8	      -0.167469
           -1.7	     -0.0889419
           -1.6	     -0.0108896
           -1.5	      0.0664293
           -1.4	       0.142769
           -1.3	       0.217894
           -1.2	       0.291585
           -1.1	       0.363631
             -1	       0.433835
           -0.9	       0.502012
           -0.8	       0.567991
           -0.7	        0.63161
           -0.6	       0.692721
           -0.5	        0.75119
           -0.4	       0.806892
           -0.3	       0.859717
           -0.2	       0.909566
           -0.1	       0.956351
   -1.02696e-15	              1
            0.1	        1.04045
            0.2	        1.07765
            0.3	        1.11157
            0.4	        1.14217
            0.5	        1.16945
            0.6	        1.19341
            0.7	        1.21405
            0.8	         1.2314
            0.9	        1.24551
              1	        1.25641
            1.1	        1.26416
            1.2	        1.26885
            1.3	        1.27055
            1.4	        1.26937
            1.5	        1.26541
            1.6	         1.2588
            1.7	        1.24967
            1.8	        1.23816
            1.9	        1.22445
              2	        1.20869
            2.1	        1.19108
            2.2	         1.1718
            2.3	        1.15107
            2.4	        1.12911
            2.5	        1.10615
            2.6	        1.08244
            2.7	        1.05823
            2.8	        1.03379
            2.9	        1.00941
              3	       0.985382
            3.1	       0.962007
            3.2	       0.939609
            3.3	       0.918517
            3.4	       0.899076
            3.5	       0.881641
            3.6	        0.86658
            3.7	       0.854275
            3.8	       0.845117
            3.9	       0.839511
              4	       0.837876
            4.1	        0.84064
            4.2	       0.848245
            4.3	       0.861146
            4.4	       0.879809
            4.5	       0.904713
            4.6	       0.936348
            4.7	       0.975218
            4.8	        1.02184
            4.9	        1.07674
              5	        1.14046


*********************************DLA 10 WEZLOW*********************************

LAGRANGE
             -5	             -1
           -4.9	      -0.579852
           -4.8	      -0.364409
           -4.7	      -0.294099
           -4.6	      -0.321506
           -4.5	      -0.409576
           -4.4	      -0.530008
           -4.3	      -0.661821
           -4.2	      -0.790089
           -4.1	      -0.904823
             -4	             -1
           -3.9	       -1.07271
           -3.8	       -1.12241
           -3.7	       -1.15035
           -3.6	       -1.15895
           -3.5	       -1.15146
           -3.4	       -1.13152
           -3.3	        -1.1029
           -3.2	       -1.06926
           -3.1	       -1.03398
             -3	             -1
           -2.9	      -0.969782
           -2.8	      -0.945219
           -2.7	      -0.927627
           -2.6	      -0.917755
           -2.5	      -0.915802
           -2.4	      -0.921467
           -2.3	         -0.934
           -2.2	      -0.952269
           -2.1	      -0.974829
             -2	             -1
           -1.9	       -1.02594
           -1.8	       -1.05073
           -1.7	       -1.07242
           -1.6	       -1.08913
           -1.5	       -1.09909
           -1.4	        -1.1007
           -1.3	       -1.09258
           -1.2	       -1.07359
           -1.1	       -1.04291
             -1	             -1
           -0.9	      -0.944642
           -0.8	      -0.876948
           -0.7	      -0.797344
           -0.6	      -0.706564
           -0.5	      -0.605621
           -0.4	      -0.495789
           -0.3	      -0.378564
           -0.2	      -0.255625
           -0.1	      -0.128797
   -1.02696e-15	   -1.29063e-15
            0.1	       0.128797
            0.2	       0.255625
            0.3	       0.378564
            0.4	       0.495789
            0.5	       0.605621
            0.6	       0.706564
            0.7	       0.797344
            0.8	       0.876948
            0.9	       0.944642
              1	              1
            1.1	        1.04291
            1.2	        1.07359
            1.3	        1.09258
            1.4	         1.1007
            1.5	        1.09909
            1.6	        1.08913
            1.7	        1.07242
            1.8	        1.05073
            1.9	        1.02594
              2	              1
            2.1	       0.974829
            2.2	       0.952269
            2.3	          0.934
            2.4	       0.921467
            2.5	       0.915802
            2.6	       0.917755
            2.7	       0.927627
            2.8	       0.945219
            2.9	       0.969782
              3	              1
            3.1	        1.03398
            3.2	        1.06926
            3.3	         1.1029
            3.4	        1.13152
            3.5	        1.15146
            3.6	        1.15895
            3.7	        1.15035
            3.8	        1.12241
            3.9	        1.07271
              4	              1
            4.1	       0.904823
            4.2	       0.790089
            4.3	       0.661821
            4.4	       0.530008
            4.5	       0.409576
            4.6	       0.321506
            4.7	       0.294099
            4.8	       0.364409
            4.9	       0.579852
              5	              1

CZYBYSZEW
             -5	       -1.09882
           -4.9	      -0.957767
           -4.8	      -0.901951
           -4.7	      -0.901174
           -4.6	      -0.932288
           -4.5	      -0.978069
           -4.4	        -1.0262
           -4.3	       -1.06837
           -4.2	       -1.09953
           -4.1	       -1.11715
             -4	       -1.12067
           -3.9	       -1.11098
           -3.8	       -1.08999
           -3.7	       -1.06024
           -3.6	       -1.02464
           -3.5	      -0.986202
           -3.4	      -0.947832
           -3.3	      -0.912206
           -3.2	       -0.88164
           -3.1	      -0.858021
             -3	      -0.842757
           -2.9	      -0.836754
           -2.8	       -0.84042
           -2.7	       -0.85368
           -2.6	      -0.876009
           -2.5	      -0.906479
           -2.4	      -0.943809
           -2.3	      -0.986426
           -2.2	       -1.03253
           -2.1	       -1.08016
             -2	       -1.12725
           -1.9	       -1.17172
           -1.8	        -1.2115
           -1.7	        -1.2446
           -1.6	        -1.2692
           -1.5	       -1.28365
           -1.4	       -1.28651
           -1.3	       -1.27661
           -1.2	       -1.25309
           -1.1	       -1.21535
             -1	       -1.16313
           -0.9	        -1.0965
           -0.8	       -1.01581
           -0.7	      -0.921758
           -0.6	        -0.8153
           -0.5	      -0.697671
           -0.4	      -0.570346
           -0.3	      -0.435005
           -0.2	      -0.293498
           -0.1	      -0.147806
   -1.02696e-15	   -2.08514e-15
            0.1	       0.147806
            0.2	       0.293498
            0.3	       0.435005
            0.4	       0.570346
            0.5	       0.697671
            0.6	         0.8153
            0.7	       0.921758
            0.8	        1.01581
            0.9	         1.0965
              1	        1.16313
            1.1	        1.21535
            1.2	        1.25309
            1.3	        1.27661
            1.4	        1.28651
            1.5	        1.28365
            1.6	         1.2692
            1.7	         1.2446
            1.8	         1.2115
            1.9	        1.17172
              2	        1.12725
            2.1	        1.08016
            2.2	        1.03253
            2.3	       0.986426
            2.4	       0.943809
            2.5	       0.906479
            2.6	       0.876009
            2.7	        0.85368
            2.8	        0.84042
            2.9	       0.836754
              3	       0.842757
            3.1	       0.858021
            3.2	        0.88164
            3.3	       0.912206
            3.4	       0.947832
            3.5	       0.986202
            3.6	        1.02464
            3.7	        1.06024
            3.8	        1.08999
            3.9	        1.11098
              4	        1.12067
            4.1	        1.11715
            4.2	        1.09953
            4.3	        1.06837
            4.4	         1.0262
            4.5	       0.978069
            4.6	       0.932288
            4.7	       0.901174
            4.8	       0.901951
            4.9	       0.957767
              5	        1.09882


*********************************DLA 15 WEZLOW*********************************

LAGRANGE
             -5	             -1
           -4.9	        46.0794
           -4.8	        56.7323
           -4.7	        49.4056
           -4.6	        35.2825
           -4.5	        20.6246
           -4.4	        8.48361
           -4.3	        -0.0749
           -4.2	       -5.12002
           -4.1	       -7.28425
             -4	       -7.39812
           -3.9	       -6.27303
           -3.8	       -4.58712
           -3.7	       -2.84014
           -3.6	       -1.35167
           -3.5	      -0.284206
           -3.4	       0.322139
           -3.3	        0.51192
           -3.2	       0.379323
           -3.1	      0.0388591
             -3	      -0.396858
           -2.9	      -0.832086
           -2.8	       -1.19633
           -2.7	       -1.44718
           -2.6	       -1.56897
           -2.5	       -1.56849
           -2.4	       -1.46904
           -2.3	        -1.3039
           -2.2	          -1.11
           -2.1	      -0.922434
             -2	      -0.770248
           -1.9	      -0.673605
           -1.8	      -0.642453
           -1.7	      -0.676507
           -1.6	      -0.766362
           -1.5	      -0.895445
           -1.4	       -1.04251
           -1.3	       -1.18435
           -1.2	       -1.29848
           -1.1	       -1.36545
             -1	       -1.37076
           -0.9	       -1.30611
           -0.8	       -1.16994
           -0.7	      -0.967356
           -0.6	      -0.709429
           -0.5	      -0.411941
           -0.4	      -0.093791
           -0.3	       0.224821
           -0.2	       0.524255
           -0.1	       0.787171
   -1.02696e-15	              1
            0.1	        1.15403
            0.2	          1.246
            0.3	        1.27823
            0.4	        1.25813
            0.5	        1.19738
            0.6	        1.11058
            0.7	        1.01373
            0.8	       0.922504
            0.9	       0.850652
              1	       0.808487
            1.1	       0.801781
            1.2	       0.831109
            1.3	       0.891756
            1.4	       0.974213
            1.5	        1.06529
            1.6	        1.14971
            1.7	        1.21216
            1.8	        1.23947
            1.9	        1.22281
              2	        1.15959
            2.1	        1.05474
            2.2	        0.92123
            2.3	       0.779427
            2.4	       0.655308
            2.5	       0.577379
            2.6	       0.572466
            2.7	       0.660612
            2.8	       0.849603
            2.9	        1.12976
              3	        1.46991
            3.1	        1.81562
            3.2	        2.09078
            3.3	        2.20382
            3.4	        2.05951
            3.5	        1.57711
            3.6	       0.714822
            3.7	      -0.500385
            3.8	       -1.94005
            3.9	       -3.34326
              4	       -4.29481
            4.1	       -4.22395
            4.2	       -2.43957
            4.3	        1.77548
            4.4	        8.98088
            4.5	        19.2663
            4.6	        31.7578
            4.7	        43.8774
            4.8	        50.2721
            4.9	        41.3077
              5	              1

CZYBYSZEW
             -5	        -1.0736
           -4.9	      -0.925462
           -4.8	      -0.966149
           -4.7	       -1.03845
           -4.6	       -1.07827
           -4.5	       -1.07317
           -4.4	       -1.03529
           -4.3	      -0.984548
           -4.2	      -0.939344
           -4.1	      -0.912155
             -4	      -0.908383
           -3.9	      -0.927105
           -3.8	      -0.962767
           -3.7	        -1.0072
           -3.6	       -1.05155
           -3.5	       -1.08781
           -3.4	       -1.10996
           -3.3	       -1.11459
           -3.2	       -1.10103
           -3.1	       -1.07125
             -3	       -1.02929
           -2.9	      -0.980674
           -2.8	      -0.931637
           -2.7	      -0.888413
           -2.6	       -0.85655
           -2.5	      -0.840361
           -2.4	      -0.842525
           -2.3	      -0.863852
           -2.2	      -0.903228
           -2.1	      -0.957706
             -2	       -1.02275
           -1.9	        -1.0926
           -1.8	       -1.16066
           -1.7	       -1.22002
           -1.6	        -1.2639
           -1.5	       -1.28613
           -1.4	       -1.28155
           -1.3	       -1.24636
           -1.2	       -1.17833
           -1.1	       -1.07697
             -1	      -0.943532
           -0.9	      -0.780971
           -0.8	      -0.593756
           -0.7	       -0.38762
           -0.6	      -0.169242
           -0.5	      0.0541183
           -0.4	       0.275018
           -0.3	        0.48622
           -0.2	       0.681072
           -0.1	       0.853843
   -1.02696e-15	              1
            0.1	        1.11642
            0.2	        1.20151
            0.3	        1.25525
            0.4	        1.27915
            0.5	        1.27611
            0.6	        1.25019
            0.7	        1.20638
            0.8	        1.15025
            0.9	        1.08761
              1	        1.02415
            1.1	       0.965115
            1.2	       0.914969
            1.3	       0.877155
            1.4	       0.853909
            1.5	       0.846155
            1.6	       0.853488
            1.7	       0.874256
            1.8	       0.905728
            1.9	       0.944342
              2	       0.986018
            2.1	        1.02652
            2.2	        1.06182
            2.3	         1.0885
            2.4	        1.10401
            2.5	        1.10703
            2.6	        1.09752
            2.7	        1.07685
            2.8	        1.04766
            2.9	        1.01363
              3	       0.979121
            3.1	       0.948696
            3.2	       0.926555
            3.3	       0.915949
            3.4	       0.918648
            3.5	       0.934509
            3.6	       0.961256
            3.7	       0.994546
            3.8	        1.02838
            3.9	        1.05594
              4	        1.07075
            4.1	        1.06824
            4.2	        1.04739
            4.3	        1.01214
            4.4	       0.972131
            4.5	       0.941919
            4.6	       0.937577
            4.7	       0.969192
            4.8	        1.02724
            4.9	        1.06025
              5	       0.940265


*********************************DLA 20 WEZLOW*********************************

LAGRANGE
             -5	             -1
           -4.9	        -95.591
           -4.8	       -85.4679
           -4.7	       -49.7191
           -4.6	       -19.0283
           -4.5	             -1
           -4.4	        6.09978
           -4.3	        6.50692
           -4.2	         4.0237
           -4.1	        1.12391
             -4	             -1
           -3.9	       -2.05545
           -3.8	       -2.23772
           -3.7	       -1.91264
           -3.6	        -1.4228
           -3.5	             -1
           -3.4	      -0.751048
           -3.3	      -0.683919
           -3.2	      -0.748398
           -3.1	      -0.874483
             -3	             -1
           -2.9	       -1.08518
           -2.8	       -1.11583
           -2.7	       -1.09862
           -2.6	       -1.05257
           -2.5	             -1
           -2.4	      -0.959353
           -2.3	      -0.941041
           -2.2	      -0.946456
           -2.1	      -0.969551
             -2	             -1
           -1.9	       -1.02683
           -1.8	        -1.0416
           -1.7	       -1.04044
           -1.6	       -1.02465
           -1.5	             -1
           -1.4	      -0.974861
           -1.3	      -0.957877
           -1.2	      -0.955573
           -1.1	      -0.970462
             -1	             -1
           -0.9	       -1.03658
           -0.8	       -1.06851
           -0.7	       -1.08189
           -0.6	       -1.06285
           -0.5	             -1
           -0.4	      -0.886471
           -0.3	      -0.721342
           -0.2	      -0.510134
           -0.1	      -0.264334
   -1.02696e-15	   -2.50875e-15
            0.1	       0.264334
            0.2	       0.510134
            0.3	       0.721342
            0.4	       0.886471
            0.5	              1
            0.6	        1.06285
            0.7	        1.08189
            0.8	        1.06851
            0.9	        1.03658
              1	              1
            1.1	       0.970462
            1.2	       0.955573
            1.3	       0.957877
            1.4	       0.974861
            1.5	              1
            1.6	        1.02465
            1.7	        1.04044
            1.8	         1.0416
            1.9	        1.02683
              2	              1
            2.1	       0.969551
            2.2	       0.946456
            2.3	       0.941041
            2.4	       0.959353
            2.5	              1
            2.6	        1.05257
            2.7	        1.09862
            2.8	        1.11583
            2.9	        1.08518
              3	              1
            3.1	       0.874483
            3.2	       0.748398
            3.3	       0.683919
            3.4	       0.751048
            3.5	              1
            3.6	         1.4228
            3.7	        1.91264
            3.8	        2.23772
            3.9	        2.05545
              4	              1
            4.1	       -1.12391
            4.2	        -4.0237
            4.3	       -6.50692
            4.4	       -6.09978
            4.5	              1
            4.6	        19.0283
            4.7	        49.7191
            4.8	        85.4679
            4.9	         95.591
              5	              1

CZYBYSZEW
             -5	      -0.950152
           -4.9	       -1.03298
           -4.8	      -0.957382
           -4.7	      -0.958803
           -4.6	       -1.01077
           -4.5	       -1.05085
           -4.4	       -1.05032
           -4.3	       -1.01626
           -4.2	      -0.972944
           -4.1	      -0.943679
             -4	      -0.940738
           -3.9	      -0.963291
           -3.8	       -1.00082
           -3.7	       -1.03881
           -3.6	       -1.06425
           -3.5	       -1.06937
           -3.4	       -1.05314
           -3.3	       -1.02066
           -3.2	        -0.9811
           -3.1	      -0.944986
             -3	      -0.921526
           -2.9	      -0.916577
           -2.8	      -0.931567
           -2.7	      -0.963442
           -2.6	       -1.00553
           -2.5	       -1.04902
           -2.4	        -1.0848
           -2.3	       -1.10519
           -2.2	       -1.10536
           -2.1	       -1.08421
             -2	       -1.04453
           -1.9	      -0.992624
           -1.8	      -0.937249
           -1.7	      -0.888244
           -1.6	      -0.854974
           -1.5	       -0.84482
           -1.4	      -0.861936
           -1.3	      -0.906434
           -1.2	      -0.974087
           -1.1	        -1.0566
             -1	       -1.14243
           -0.9	       -1.21796
           -0.8	       -1.26904
           -0.7	        -1.2826
           -0.6	       -1.24816
           -0.5	       -1.15909
           -0.4	        -1.0135
           -0.3	      -0.814624
           -0.2	      -0.570615
           -0.1	      -0.293896
   -1.02696e-15	   -3.62644e-15
            0.1	       0.293896
            0.2	       0.570615
            0.3	       0.814624
            0.4	         1.0135
            0.5	        1.15909
            0.6	        1.24816
            0.7	         1.2826
            0.8	        1.26904
            0.9	        1.21796
              1	        1.14243
            1.1	         1.0566
            1.2	       0.974087
            1.3	       0.906434
            1.4	       0.861936
            1.5	        0.84482
            1.6	       0.854974
            1.7	       0.888244
            1.8	       0.937249
            1.9	       0.992624
              2	        1.04453
            2.1	        1.08421
            2.2	        1.10536
            2.3	        1.10519
            2.4	         1.0848
            2.5	        1.04902
            2.6	        1.00553
            2.7	       0.963442
            2.8	       0.931567
            2.9	       0.916577
              3	       0.921526
            3.1	       0.944986
            3.2	         0.9811
            3.3	        1.02066
            3.4	        1.05314
            3.5	        1.06937
            3.6	        1.06425
            3.7	        1.03881
            3.8	        1.00082
            3.9	       0.963291
              4	       0.940738
            4.1	       0.943679
            4.2	       0.972944
            4.3	        1.01626
            4.4	        1.05032
            4.5	        1.05085
            4.6	        1.01077
            4.7	       0.958803
            4.8	       0.957382
            4.9	        1.03298
              5	       0.950152





                       WYKRES 2


*********************************DLA 5 WEZLOW*********************************

LAGRANGE
             -5	      -0.839072
           -4.9	      -0.818286
           -4.8	      -0.793758
           -4.7	      -0.765742
           -4.6	      -0.734488
           -4.5	      -0.700241
           -4.4	      -0.663238
           -4.3	      -0.623715
           -4.2	      -0.581899
           -4.1	      -0.538014
             -4	      -0.492279
           -3.9	      -0.444905
           -3.8	      -0.396101
           -3.7	      -0.346068
           -3.6	      -0.295005
           -3.5	      -0.243101
           -3.4	      -0.190545
           -3.3	      -0.137518
           -3.2	     -0.0841944
           -3.1	     -0.0307463
             -3	      0.0226611
           -2.9	      0.0758675
           -2.8	       0.128718
           -2.7	       0.181063
           -2.6	       0.232757
           -2.5	       0.283662
           -2.4	       0.333644
           -2.3	       0.382573
           -2.2	       0.430327
           -2.1	       0.476786
             -2	       0.521839
           -1.9	       0.565377
           -1.8	       0.607299
           -1.7	       0.647505
           -1.6	       0.685906
           -1.5	       0.722414
           -1.4	       0.756947
           -1.3	        0.78943
           -1.2	       0.819791
           -1.1	       0.847965
             -1	       0.873892
           -0.9	       0.897515
           -0.8	       0.918786
           -0.7	        0.93766
           -0.6	       0.954097
           -0.5	       0.968062
           -0.4	       0.979528
           -0.3	       0.988471
           -0.2	       0.994872
           -0.1	       0.998717
   -1.02696e-15	              1
            0.1	       0.998717
            0.2	       0.994872
            0.3	       0.988471
            0.4	       0.979528
            0.5	       0.968062
            0.6	       0.954097
            0.7	        0.93766
            0.8	       0.918786
            0.9	       0.897515
              1	       0.873892
            1.1	       0.847965
            1.2	       0.819791
            1.3	        0.78943
            1.4	       0.756947
            1.5	       0.722414
            1.6	       0.685906
            1.7	       0.647505
            1.8	       0.607299
            1.9	       0.565377
              2	       0.521839
            2.1	       0.476786
            2.2	       0.430327
            2.3	       0.382573
            2.4	       0.333644
            2.5	       0.283662
            2.6	       0.232757
            2.7	       0.181063
            2.8	       0.128718
            2.9	      0.0758675
              3	      0.0226611
            3.1	     -0.0307463
            3.2	     -0.0841944
            3.3	      -0.137518
            3.4	      -0.190545
            3.5	      -0.243101
            3.6	      -0.295005
            3.7	      -0.346068
            3.8	      -0.396101
            3.9	      -0.444905
              4	      -0.492279
            4.1	      -0.538014
            4.2	      -0.581899
            4.3	      -0.623715
            4.4	      -0.663238
            4.5	      -0.700241
            4.6	      -0.734488
            4.7	      -0.765742
            4.8	      -0.793758
            4.9	      -0.818286
              5	      -0.839072

CZYBYSZEW
             -5	       -1.54403
           -4.9	       -1.30909
           -4.8	       -1.08963
           -4.7	      -0.884986
           -4.6	      -0.694525
           -4.5	      -0.517614
           -4.4	      -0.353635
           -4.3	      -0.201986
           -4.2	      -0.062077
           -4.1	      0.0666674
             -4	        0.18481
           -3.9	       0.292899
           -3.8	       0.391469
           -3.7	       0.481044
           -3.6	        0.56213
           -3.5	       0.635222
           -3.4	       0.700802
           -3.3	       0.759336
           -3.2	       0.811279
           -3.1	       0.857071
             -3	       0.897138
           -2.9	       0.931895
           -2.8	       0.961741
           -2.7	       0.987062
           -2.6	        1.00823
           -2.5	         1.0256
           -2.4	        1.03953
           -2.3	        1.05034
           -2.2	        1.05836
           -2.1	        1.06388
             -2	         1.0672
           -1.9	         1.0686
           -1.8	        1.06833
           -1.7	        1.06666
           -1.6	        1.06382
           -1.5	        1.06003
           -1.4	         1.0555
           -1.3	        1.05043
           -1.2	          1.045
           -1.1	        1.03939
             -1	        1.03374
           -0.9	         1.0282
           -0.8	        1.02289
           -0.7	        1.01794
           -0.6	        1.01345
           -0.5	        1.00949
           -0.4	        1.00616
           -0.3	         1.0035
           -0.2	        1.00157
           -0.1	        1.00039
   -1.02696e-15	              1
            0.1	        1.00039
            0.2	        1.00157
            0.3	         1.0035
            0.4	        1.00616
            0.5	        1.00949
            0.6	        1.01345
            0.7	        1.01794
            0.8	        1.02289
            0.9	         1.0282
              1	        1.03374
            1.1	        1.03939
            1.2	          1.045
            1.3	        1.05043
            1.4	         1.0555
            1.5	        1.06003
            1.6	        1.06382
            1.7	        1.06666
            1.8	        1.06833
            1.9	         1.0686
              2	         1.0672
            2.1	        1.06388
            2.2	        1.05836
            2.3	        1.05034
            2.4	        1.03953
            2.5	         1.0256
            2.6	        1.00823
            2.7	       0.987062
            2.8	       0.961741
            2.9	       0.931895
              3	       0.897138
            3.1	       0.857071
            3.2	       0.811279
            3.3	       0.759336
            3.4	       0.700802
            3.5	       0.635222
            3.6	        0.56213
            3.7	       0.481044
            3.8	       0.391469
            3.9	       0.292899
              4	        0.18481
            4.1	      0.0666674
            4.2	      -0.062077
            4.3	      -0.201986
            4.4	      -0.353635
            4.5	      -0.517614
            4.6	      -0.694525
            4.7	      -0.884986
            4.8	       -1.08963
            4.9	       -1.30909
              5	       -1.54403


*********************************DLA 10 WEZLOW*********************************

LAGRANGE
             -5	      -0.839072
           -4.9	       -1.86921
           -4.8	        -2.4294
           -4.7	       -2.63106
           -4.6	       -2.56815
           -4.5	       -2.31906
           -4.4	       -1.94836
           -4.3	       -1.50847
           -4.2	        -1.0411
           -4.1	      -0.578656
             -4	        -0.1455
           -3.9	       0.240908
           -3.8	       0.568959
           -3.7	       0.831946
           -3.6	        1.02721
           -3.5	        1.15536
           -3.4	        1.21961
           -3.3	        1.22514
           -3.2	        1.17857
           -3.1	        1.08753
             -3	        0.96017
           -2.9	        0.80489
           -2.8	       0.630009
           -2.7	       0.443528
           -2.6	       0.252938
           -2.5	        0.06506
           -2.4	      -0.114071
           -2.3	      -0.279287
           -2.2	      -0.426338
           -2.1	      -0.551913
             -2	      -0.653644
           -1.9	      -0.730074
           -1.8	      -0.780625
           -1.7	      -0.805531
           -1.6	      -0.805773
           -1.5	      -0.782996
           -1.4	      -0.739419
           -1.3	      -0.677739
           -1.2	      -0.601034
           -1.1	      -0.512659
             -1	      -0.416147
           -0.9	      -0.315108
           -0.8	      -0.213135
           -0.7	      -0.113712
           -0.6	      -0.020128
           -0.5	      0.0645986
           -0.4	       0.137792
           -0.3	       0.197177
           -0.2	       0.240931
           -0.1	       0.267724
   -1.02696e-15	       0.276746
            0.1	       0.267724
            0.2	       0.240931
            0.3	       0.197177
            0.4	       0.137792
            0.5	      0.0645986
            0.6	      -0.020128
            0.7	      -0.113712
            0.8	      -0.213135
            0.9	      -0.315108
              1	      -0.416147
            1.1	      -0.512659
            1.2	      -0.601034
            1.3	      -0.677739
            1.4	      -0.739419
            1.5	      -0.782996
            1.6	      -0.805773
            1.7	      -0.805531
            1.8	      -0.780625
            1.9	      -0.730074
              2	      -0.653644
            2.1	      -0.551913
            2.2	      -0.426338
            2.3	      -0.279287
            2.4	      -0.114071
            2.5	        0.06506
            2.6	       0.252938
            2.7	       0.443528
            2.8	       0.630009
            2.9	        0.80489
              3	        0.96017
            3.1	        1.08753
            3.2	        1.17857
            3.3	        1.22514
            3.4	        1.21961
            3.5	        1.15536
            3.6	        1.02721
            3.7	       0.831946
            3.8	       0.568959
            3.9	       0.240908
              4	        -0.1455
            4.1	      -0.578656
            4.2	        -1.0411
            4.3	       -1.50847
            4.4	       -1.94836
            4.5	       -2.31906
            4.6	       -2.56815
            4.7	       -2.63106
            4.8	        -2.4294
            4.9	       -1.86921
              5	      -0.839072

CZYBYSZEW
             -5	      -0.635452
           -4.9	       -1.01954
           -4.8	       -1.19643
           -4.7	       -1.21798
           -4.6	       -1.12771
           -4.5	      -0.961699
           -4.4	      -0.749452
           -4.3	      -0.514688
           -4.2	      -0.276062
           -4.1	     -0.0478297
             -4	       0.159545
           -3.9	       0.338831
           -3.8	       0.485526
           -3.7	       0.597403
           -3.6	       0.674092
           -3.5	       0.716713
           -3.4	       0.727552
           -3.3	        0.70976
           -3.2	       0.667106
           -3.1	       0.603747
             -3	       0.524039
           -2.9	       0.432371
           -2.8	       0.333029
           -2.7	       0.230082
           -2.6	        0.12729
           -2.5	       0.028036
           -2.4	     -0.0647292
           -2.3	      -0.148519
           -2.2	      -0.221334
           -2.1	      -0.281664
             -2	      -0.328488
           -1.9	      -0.361255
           -1.8	      -0.379861
           -1.7	      -0.384614
           -1.6	        -0.3762
           -1.5	      -0.355636
           -1.4	      -0.324225
           -1.3	      -0.283504
           -1.2	      -0.235195
           -1.1	      -0.181151
             -1	      -0.123303
           -0.9	      -0.063612
           -0.8	     -0.0040181
           -0.7	      0.0536063
           -0.6	       0.107499
           -0.5	       0.156049
           -0.4	       0.197828
           -0.3	       0.231628
           -0.2	        0.25648
           -0.1	       0.271678
   -1.02696e-15	       0.276792
            0.1	       0.271678
            0.2	        0.25648
            0.3	       0.231628
            0.4	       0.197828
            0.5	       0.156049
            0.6	       0.107499
            0.7	      0.0536063
            0.8	     -0.0040181
            0.9	      -0.063612
              1	      -0.123303
            1.1	      -0.181151
            1.2	      -0.235195
            1.3	      -0.283504
            1.4	      -0.324225
            1.5	      -0.355636
            1.6	        -0.3762
            1.7	      -0.384614
            1.8	      -0.379861
            1.9	      -0.361255
              2	      -0.328488
            2.1	      -0.281664
            2.2	      -0.221334
            2.3	      -0.148519
            2.4	     -0.0647292
            2.5	       0.028036
            2.6	        0.12729
            2.7	       0.230082
            2.8	       0.333029
            2.9	       0.432371
              3	       0.524039
            3.1	       0.603747
            3.2	       0.667106
            3.3	        0.70976
            3.4	       0.727552
            3.5	       0.716713
            3.6	       0.674092
            3.7	       0.597403
            3.8	       0.485526
            3.9	       0.338831
              4	       0.159545
            4.1	     -0.0478297
            4.2	      -0.276062
            4.3	      -0.514688
            4.4	      -0.749452
            4.5	      -0.961699
            4.6	       -1.12771
            4.7	       -1.21798
            4.8	       -1.19643
            4.9	       -1.01954
              5	      -0.635452


*********************************DLA 15 WEZLOW*********************************

LAGRANGE
             -5	      -0.839072
           -4.9	      -0.720963
           -4.8	      -0.735457
           -4.7	      -0.788783
           -4.6	      -0.827863
           -4.5	      -0.826419
           -4.4	      -0.775212
           -4.3	      -0.675344
           -4.2	      -0.533773
           -4.1	      -0.360406
             -4	      -0.166282
           -3.9	      0.0375298
           -3.8	       0.240561
           -3.7	       0.433301
           -3.6	       0.607395
           -3.5	       0.755756
           -3.4	       0.872653
           -3.3	       0.953763
           -3.2	       0.996233
           -3.1	       0.998709
             -3	       0.961355
           -2.9	       0.885829
           -2.8	       0.775227
           -2.7	       0.633971
           -2.6	       0.467662
           -2.5	       0.282871
           -2.4	      0.0868956
           -2.3	      -0.112512
           -2.2	      -0.307452
           -2.1	      -0.490184
             -2	      -0.653438
           -1.9	      -0.790704
           -1.8	        -0.8965
           -1.7	       -0.96659
           -1.6	      -0.998162
           -1.5	      -0.989941
           -1.4	      -0.942241
           -1.3	      -0.856956
           -1.2	      -0.737486
           -1.1	      -0.588595
             -1	      -0.416225
           -0.9	      -0.227253
           -0.8	     -0.0292216
           -0.7	        0.16997
           -0.6	       0.362378
           -0.5	        0.54033
           -0.4	       0.696733
           -0.3	       0.825355
           -0.2	       0.921071
           -0.1	       0.980069
   -1.02696e-15	              1
            0.1	       0.980069
            0.2	       0.921071
            0.3	       0.825355
            0.4	       0.696733
            0.5	        0.54033
            0.6	       0.362378
            0.7	        0.16997
            0.8	     -0.0292216
            0.9	      -0.227253
              1	      -0.416225
            1.1	      -0.588595
            1.2	      -0.737486
            1.3	      -0.856956
            1.4	      -0.942241
            1.5	      -0.989941
            1.6	      -0.998162
            1.7	       -0.96659
            1.8	        -0.8965
            1.9	      -0.790704
              2	      -0.653438
            2.1	      -0.490184
            2.2	      -0.307452
            2.3	      -0.112512
            2.4	      0.0868956
            2.5	       0.282871
            2.6	       0.467662
            2.7	       0.633971
            2.8	       0.775227
            2.9	       0.885829
              3	       0.961355
            3.1	       0.998709
            3.2	       0.996233
            3.3	       0.953763
            3.4	       0.872653
            3.5	       0.755756
            3.6	       0.607395
            3.7	       0.433301
            3.8	       0.240561
            3.9	      0.0375298
              4	      -0.166282
            4.1	      -0.360406
            4.2	      -0.533773
            4.3	      -0.675344
            4.4	      -0.775212
            4.5	      -0.826419
            4.6	      -0.827863
            4.7	      -0.788783
            4.8	      -0.735457
            4.9	      -0.720963
              5	      -0.839072

CZYBYSZEW
             -5	      -0.844772
           -4.9	      -0.924816
           -4.8	      -0.982215
           -4.7	       -1.00242
           -4.6	      -0.980214
           -4.5	      -0.915987
           -4.4	      -0.813356
           -4.3	      -0.677764
           -4.2	      -0.515672
           -4.1	      -0.334116
             -4	      -0.140451
           -3.9	      0.0578089
           -3.8	       0.253145
           -3.7	       0.438199
           -3.6	       0.605971
           -3.5	       0.750041
           -3.4	       0.864802
           -3.3	       0.945691
           -3.2	       0.989396
           -3.1	        0.99402
             -3	       0.959194
           -2.9	       0.886124
           -2.8	       0.777569
           -2.7	       0.637745
           -2.6	       0.472166
           -2.5	       0.287427
           -2.4	      0.0909282
           -2.3	      -0.109426
           -2.2	      -0.305559
           -2.1	      -0.489555
             -2	      -0.653988
           -1.9	       -0.79223
           -1.8	      -0.898718
           -1.7	      -0.969182
           -1.6	       -1.00082
           -1.5	       -0.99238
           -1.4	      -0.944253
           -1.3	      -0.858408
           -1.2	      -0.738321
           -1.1	      -0.588833
             -1	      -0.415948
           -0.9	      -0.226589
           -0.8	     -0.0283172
           -0.7	       0.170964
           -0.6	       0.363326
           -0.5	       0.541132
           -0.4	       0.697328
           -0.3	       0.825728
           -0.2	       0.921249
           -0.1	       0.980116
   -1.02696e-15	              1
            0.1	       0.980116
            0.2	       0.921249
            0.3	       0.825728
            0.4	       0.697328
            0.5	       0.541132
            0.6	       0.363326
            0.7	       0.170964
            0.8	     -0.0283172
            0.9	      -0.226589
              1	      -0.415948
            1.1	      -0.588833
            1.2	      -0.738321
            1.3	      -0.858408
            1.4	      -0.944253
            1.5	       -0.99238
            1.6	       -1.00082
            1.7	      -0.969182
            1.8	      -0.898718
            1.9	       -0.79223
              2	      -0.653988
            2.1	      -0.489555
            2.2	      -0.305559
            2.3	      -0.109426
            2.4	      0.0909282
            2.5	       0.287427
            2.6	       0.472166
            2.7	       0.637745
            2.8	       0.777569
            2.9	       0.886124
              3	       0.959194
            3.1	        0.99402
            3.2	       0.989396
            3.3	       0.945691
            3.4	       0.864802
            3.5	       0.750041
            3.6	       0.605971
            3.7	       0.438199
            3.8	       0.253145
            3.9	      0.0578089
              4	      -0.140451
            4.1	      -0.334116
            4.2	      -0.515672
            4.3	      -0.677764
            4.4	      -0.813356
            4.5	      -0.915987
            4.6	      -0.980214
            4.7	       -1.00242
            4.8	      -0.982215
            4.9	      -0.924816
              5	      -0.844772


*********************************DLA 20 WEZLOW*********************************

LAGRANGE
             -5	      -0.839072
           -4.9	      -0.927114
           -4.8	      -0.981765
           -4.7	      -0.998028
           -4.6	      -0.974236
           -4.5	       -0.91113
           -4.4	      -0.811326
           -4.3	      -0.678963
           -4.2	      -0.519448
           -4.1	      -0.339221
             -4	        -0.1455
           -3.9	      0.0539873
           -3.8	       0.251297
           -3.7	       0.438574
           -3.6	       0.608363
           -3.5	       0.753902
           -3.4	       0.869391
           -3.3	       0.950224
           -3.2	       0.993178
           -3.1	       0.996539
             -3	        0.96017
           -2.9	       0.885522
           -2.8	       0.775569
           -2.7	       0.634695
           -2.6	       0.468518
           -2.5	       0.283662
           -2.4	      0.0874981
           -2.3	      -0.112154
           -2.2	      -0.307334
           -2.1	      -0.490261
             -2	      -0.653644
           -1.9	      -0.790967
           -1.8	      -0.896758
           -1.7	      -0.966798
           -1.6	      -0.998294
           -1.5	      -0.989992
           -1.4	      -0.942223
           -1.3	      -0.856889
           -1.2	      -0.737394
           -1.1	      -0.588501
             -1	      -0.416147
           -0.9	      -0.227202
           -0.8	      -0.029199
           -0.7	       0.169968
           -0.6	       0.362358
           -0.5	       0.540302
           -0.4	       0.696706
           -0.3	       0.825334
           -0.2	       0.921059
           -0.1	       0.980064
   -1.02696e-15	       0.999998
            0.1	       0.980064
            0.2	       0.921059
            0.3	       0.825334
            0.4	       0.696706
            0.5	       0.540302
            0.6	       0.362358
            0.7	       0.169968
            0.8	      -0.029199
            0.9	      -0.227202
              1	      -0.416147
            1.1	      -0.588501
            1.2	      -0.737394
            1.3	      -0.856889
            1.4	      -0.942223
            1.5	      -0.989992
            1.6	      -0.998294
            1.7	      -0.966798
            1.8	      -0.896758
            1.9	      -0.790967
              2	      -0.653644
            2.1	      -0.490261
            2.2	      -0.307334
            2.3	      -0.112154
            2.4	      0.0874981
            2.5	       0.283662
            2.6	       0.468518
            2.7	       0.634695
            2.8	       0.775569
            2.9	       0.885522
              3	        0.96017
            3.1	       0.996539
            3.2	       0.993178
            3.3	       0.950224
            3.4	       0.869391
            3.5	       0.753902
            3.6	       0.608363
            3.7	       0.438574
            3.8	       0.251297
            3.9	      0.0539873
              4	        -0.1455
            4.1	      -0.339221
            4.2	      -0.519448
            4.3	      -0.678963
            4.4	      -0.811326
            4.5	       -0.91113
            4.6	      -0.974236
            4.7	      -0.998028
            4.8	      -0.981765
            4.9	      -0.927114
              5	      -0.839072

CZYBYSZEW
             -5	      -0.839092
           -4.9	      -0.930413
           -4.8	      -0.984705
           -4.7	      -0.999709
           -4.6	      -0.974839
           -4.5	      -0.911111
           -4.4	      -0.811074
           -4.3	      -0.678714
           -4.2	      -0.519299
           -4.1	      -0.339175
             -4	      -0.145521
           -3.9	      0.0539426
           -3.8	        0.25126
           -3.7	        0.43856
           -3.6	       0.608373
           -3.5	       0.753925
           -3.4	       0.869414
           -3.3	       0.950239
           -3.2	       0.993179
           -3.1	       0.996526
             -3	       0.960148
           -2.9	       0.885496
           -2.8	       0.775547
           -2.7	       0.634683
           -2.6	       0.468518
           -2.5	       0.283674
           -2.4	      0.0875193
           -2.3	      -0.112128
           -2.2	      -0.307309
           -2.1	      -0.490243
             -2	      -0.653634
           -1.9	      -0.790969
           -1.8	       -0.89677
           -1.7	      -0.966818
           -1.6	      -0.998319
           -1.5	      -0.990017
           -1.4	      -0.942243
           -1.3	      -0.856902
           -1.2	      -0.737397
           -1.1	      -0.588494
             -1	      -0.416131
           -0.9	      -0.227179
           -0.8	     -0.0291738
           -0.7	       0.169992
           -0.6	       0.362377
           -0.5	       0.540313
           -0.4	       0.696708
           -0.3	       0.825326
           -0.2	       0.921043
           -0.1	       0.980043
   -1.02696e-15	       0.999974
            0.1	       0.980043
            0.2	       0.921043
            0.3	       0.825326
            0.4	       0.696708
            0.5	       0.540313
            0.6	       0.362377
            0.7	       0.169992
            0.8	     -0.0291738
            0.9	      -0.227179
              1	      -0.416131
            1.1	      -0.588494
            1.2	      -0.737397
            1.3	      -0.856902
            1.4	      -0.942243
            1.5	      -0.990017
            1.6	      -0.998319
            1.7	      -0.966818
            1.8	       -0.89677
            1.9	      -0.790969
              2	      -0.653634
            2.1	      -0.490243
            2.2	      -0.307309
            2.3	      -0.112128
            2.4	      0.0875193
            2.5	       0.283674
            2.6	       0.468518
            2.7	       0.634683
            2.8	       0.775547
            2.9	       0.885496
              3	       0.960148
            3.1	       0.996526
            3.2	       0.993179
            3.3	       0.950239
            3.4	       0.869414
            3.5	       0.753925
            3.6	       0.608373
            3.7	        0.43856
            3.8	        0.25126
            3.9	      0.0539426
              4	      -0.145521
            4.1	      -0.339175
            4.2	      -0.519299
            4.3	      -0.678714
            4.4	      -0.811074
            4.5	      -0.911111
            4.6	      -0.974839
            4.7	      -0.999709
            4.8	      -0.984705
            4.9	      -0.930413
              5	      -0.839092





