ZAD1
macierz A: 
            0.5	       0.333333	           0.25	            0.2	
       0.333333	           0.25	            0.2	       0.166667	
           0.25	            0.2	       0.166667	       0.142857	
            0.2	       0.166667	       0.142857	          0.125	

Macierz LU:
            0.5	       0.333333	           0.25	            0.2	
            0.5	      0.0333333	      0.0416667	      0.0428571	
       0.666667	       0.833333	    -0.00138889	    -0.00238095	
            0.4	              1	      -0.857143	    0.000102041	

ZAD 2
Diagonala macierzy U: 
            0.5	      0.0333333	    -0.00138889	    0.000102041	
Wyznacznik macierzy A:
-2.36206e-09

ZAD 3
Odwrocona macierz A: 
            200	          -1200	           2100	          -1120	
          -1200	           8100	         -15120	           8400	
           2100	         -15120	          29400	         -16800	
          -1120	           8400	         -16800	           9800	

ZAD 4
Iloczyn macierzy A i A ^ -1 
              1	   -2.27374e-13	              0	              0	
   -2.84217e-14	              1	    4.54747e-13	              0	
              0	   -2.27374e-13	              1	              0	
              0	              0	              0	              1	

ZAD 5
Wskaznik uwarunkowania macierzy: 
81389