                     

WYKRES 0


*********************************DLA 5 WEZLOW*********************************


	Druga pochodna wzorami:
	0	0.478147	-0.958147	0.478147	0
	Druga pochodna z ilorazu roznicowego:
	1.46581e-09	0.0449432	-1.99003	0.0449432	1.46581e-09	             -5	    1.38879e-11
           -4.9	     -0.0169831
           -4.8	     -0.0338022
           -4.7	     -0.0502933
           -4.6	     -0.0662922
           -4.5	     -0.0816349
           -4.4	     -0.0961574
           -4.3	      -0.109696
           -4.2	      -0.122086
           -4.1	      -0.133163
             -4	      -0.142765
           -3.9	      -0.150725
           -3.8	      -0.156882
           -3.7	       -0.16107
           -3.6	      -0.163125
           -3.5	      -0.162884
           -3.4	      -0.160182
           -3.3	      -0.154855
           -3.2	       -0.14674
           -3.1	      -0.135672
             -3	      -0.121487
           -2.9	      -0.104021
           -2.8	     -0.0831109
           -2.7	     -0.0585914
           -2.6	      -0.030299
           -2.5	     0.00193045
           -2.4	      0.0381607
           -2.3	      0.0780542
           -2.2	       0.121173
           -2.1	       0.167081
             -2	       0.215338
           -1.9	       0.265508
           -1.8	       0.317153
           -1.7	       0.369835
           -1.6	       0.423117
           -1.5	        0.47656
           -1.4	       0.529728
           -1.3	       0.582182
           -1.2	       0.633485
           -1.1	       0.683199
             -1	       0.730886
           -0.9	       0.776109
           -0.8	       0.818429
           -0.7	       0.857411
           -0.6	       0.892614
           -0.5	       0.923603
           -0.4	       0.949939
           -0.3	       0.971184
           -0.2	       0.986901
           -0.1	       0.996652
   -1.02696e-15	              1
            0.1	       0.996652
            0.2	       0.986901
            0.3	       0.971184
            0.4	       0.949939
            0.5	       0.923603
            0.6	       0.892614
            0.7	       0.857411
            0.8	       0.818429
            0.9	       0.776109
              1	       0.730886
            1.1	       0.683199
            1.2	       0.633485
            1.3	       0.582182
            1.4	       0.529728
            1.5	        0.47656
            1.6	       0.423117
            1.7	       0.369835
            1.8	       0.317153
            1.9	       0.265508
              2	       0.215338
            2.1	       0.167081
            2.2	       0.121173
            2.3	      0.0780542
            2.4	      0.0381607
            2.5	     0.00193045
            2.6	      -0.030299
            2.7	     -0.0585914
            2.8	     -0.0831109
            2.9	      -0.104021
              3	      -0.121487
            3.1	      -0.135672
            3.2	       -0.14674
            3.3	      -0.154855
            3.4	      -0.160182
            3.5	      -0.162884
            3.6	      -0.163125
            3.7	       -0.16107
            3.8	      -0.156882
            3.9	      -0.150725
              4	      -0.142765
            4.1	      -0.133163
            4.2	      -0.122086
            4.3	      -0.109696
            4.4	     -0.0961574
            4.5	     -0.0816349
            4.6	     -0.0662922
            4.7	     -0.0502933
            4.8	     -0.0338022
            4.9	     -0.0169831
              5	    1.38875e-11
*********************************DLA 10 WEZLOW*********************************


	Druga pochodna wzorami:
	0	0.000369554	0.0542068	0.994115	-0.699128	-0.699128	0.994115	0.0542068	0.000369554	0
	Druga pochodna z ilorazu roznicowego:
	1.46581e-09	7.29514e-06	0.00428651	0.257575	0.729646	0.729646	0.257575	0.00428651	7.29514e-06	1.46581e-09	             -5	    1.38879e-11
           -4.9	   -0.000561222
           -4.8	    -0.00108843
           -4.7	    -0.00154761
           -4.6	    -0.00190475
           -4.5	    -0.00212583
           -4.4	    -0.00217684
           -4.3	    -0.00202376
           -4.2	    -0.00163259
           -4.1	   -0.000969302
             -4	    1.12535e-07
           -3.9	     0.00127578
           -3.8	     0.00272225
           -3.7	     0.00417021
           -3.6	     0.00545031
           -3.5	     0.00639322
           -3.4	     0.00682962
           -3.3	     0.00659017
           -3.2	     0.00550554
           -3.1	      0.0034064
             -3	     0.00012341
           -2.9	    -0.00435937
           -2.8	    -0.00944433
           -2.7	     -0.0143805
           -2.6	     -0.0184169
           -2.5	     -0.0208025
           -2.4	     -0.0207863
           -2.3	     -0.0176174
           -2.2	     -0.0105448
           -2.1	     0.00118257
             -2	      0.0183156
           -1.9	      0.0413211
           -1.8	      0.0695285
           -1.7	       0.101983
           -1.6	        0.13773
           -1.5	       0.175814
           -1.4	       0.215281
           -1.3	       0.255176
           -1.2	       0.294544
           -1.1	        0.33243
             -1	       0.367879
           -0.9	       0.400097
           -0.8	       0.428923
           -0.7	       0.454358
           -0.6	       0.476402
           -0.5	       0.495054
           -0.4	       0.510315
           -0.3	       0.522184
           -0.2	       0.530663
           -0.1	        0.53575
   -1.02696e-15	       0.537445
            0.1	        0.53575
            0.2	       0.530663
            0.3	       0.522184
            0.4	       0.510315
            0.5	       0.495054
            0.6	       0.476402
            0.7	       0.454358
            0.8	       0.428923
            0.9	       0.400097
              1	       0.367879
            1.1	        0.33243
            1.2	       0.294544
            1.3	       0.255176
            1.4	       0.215281
            1.5	       0.175814
            1.6	        0.13773
            1.7	       0.101983
            1.8	      0.0695285
            1.9	      0.0413211
              2	      0.0183156
            2.1	     0.00118257
            2.2	     -0.0105448
            2.3	     -0.0176174
            2.4	     -0.0207863
            2.5	     -0.0208025
            2.6	     -0.0184169
            2.7	     -0.0143805
            2.8	    -0.00944433
            2.9	    -0.00435937
              3	     0.00012341
            3.1	      0.0034064
            3.2	     0.00550554
            3.3	     0.00659017
            3.4	     0.00682962
            3.5	     0.00639322
            3.6	     0.00545031
            3.7	     0.00417021
            3.8	     0.00272225
            3.9	     0.00127578
              4	    1.12535e-07
            4.1	   -0.000969302
            4.2	    -0.00163259
            4.3	    -0.00202376
            4.4	    -0.00217684
            4.5	    -0.00212583
            4.6	    -0.00190475
            4.7	    -0.00154761
            4.8	    -0.00108843
            4.9	   -0.000561222
              5	    1.38879e-11
*********************************DLA 20 WEZLOW*********************************


	Druga pochodna wzorami:
	0	1.31206e-06	5.47398e-05	0.00136743	0.020261	0.174938	0.848381	2.10476	1.78129	-3.28737	-3.28737	1.78129	2.10476	0.848381	0.174938	0.020261	0.00136743	5.47398e-05	1.31206e-06	0
	Druga pochodna z ilorazu roznicowego:
	1.46581e-09	1.34463e-07	7.29514e-06	0.00023225	0.00428651	0.0449432	0.257575	0.736471	0.729646	-0.778145	-0.778145	0.729646	0.736471	0.257575	0.0449432	0.00428651	0.00023225	7.29514e-06	1.34463e-07	1.46581e-09	             -5	    1.38879e-11
           -4.9	    1.13368e-07
           -4.8	    1.98464e-07
           -4.7	    2.27041e-07
           -4.6	    1.70841e-07
           -4.5	    1.60523e-09
           -4.4	   -2.79792e-07
           -4.3	   -5.55942e-07
           -4.2	   -6.80299e-07
           -4.1	   -5.06321e-07
             -4	    1.12535e-07
           -3.9	    1.24102e-06
           -3.8	    2.61673e-06
           -3.7	    3.89545e-06
           -3.6	    4.73298e-06
           -3.5	    4.78512e-06
           -3.4	    4.84519e-06
           -3.3	    1.02567e-05
           -3.2	    2.75006e-05
           -3.1	     6.3058e-05
             -3	     0.00012341
           -2.9	    0.000222289
           -2.8	    0.000402439
           -2.7	    0.000713853
           -2.6	     0.00120653
           -2.5	     0.00193045
           -2.4	     0.00299601
           -2.3	     0.00475505
           -2.2	     0.00761984
           -2.1	      0.0120026
             -2	      0.0183156
           -1.9	      0.0270682
           -1.8	      0.0391581
           -1.7	        0.05558
           -1.6	      0.0773288
           -1.5	       0.105399
           -1.4	       0.140726
           -1.3	       0.184003
           -1.2	       0.235865
           -1.1	       0.296946
             -1	       0.367879
           -0.9	        0.44839
           -0.8	       0.534563
           -0.7	       0.621572
           -0.6	       0.704593
           -0.5	       0.778801
           -0.4	       0.840174
           -0.3	       0.887909
           -0.2	       0.922005
           -0.1	       0.942463
   -1.02696e-15	       0.949282
            0.1	       0.942463
            0.2	       0.922005
            0.3	       0.887909
            0.4	       0.840174
            0.5	       0.778801
            0.6	       0.704593
            0.7	       0.621572
            0.8	       0.534563
            0.9	        0.44839
              1	       0.367879
            1.1	       0.296946
            1.2	       0.235865
            1.3	       0.184003
            1.4	       0.140726
            1.5	       0.105399
            1.6	      0.0773288
            1.7	        0.05558
            1.8	      0.0391581
            1.9	      0.0270682
              2	      0.0183156
            2.1	      0.0120026
            2.2	     0.00761984
            2.3	     0.00475505
            2.4	     0.00299601
            2.5	     0.00193045
            2.6	     0.00120653
            2.7	    0.000713853
            2.8	    0.000402439
            2.9	    0.000222289
              3	     0.00012341
            3.1	     6.3058e-05
            3.2	    2.75006e-05
            3.3	    1.02567e-05
            3.4	    4.84519e-06
            3.5	    4.78512e-06
            3.6	    4.73298e-06
            3.7	    3.89545e-06
            3.8	    2.61673e-06
            3.9	    1.24102e-06
              4	    1.12535e-07
            4.1	   -5.06321e-07
            4.2	   -6.80299e-07
            4.3	   -5.55942e-07
            4.4	   -2.79792e-07
            4.5	    1.60523e-09
            4.6	    1.70841e-07
            4.7	    2.27041e-07
            4.8	    1.98464e-07
            4.9	    1.13368e-07
              5	    1.38879e-11
                     

WYKRES 1


*********************************DLA 5 WEZLOW*********************************


	Druga pochodna wzorami:
	0	0.96	-0.96	0	0
	Druga pochodna z ilorazu roznicowego:
	0	0	-200	0	0	             -5	             -1
           -4.9	        -1.0271
           -4.8	       -1.05394
           -4.7	       -1.08026
           -4.6	       -1.10579
           -4.5	       -1.13029
           -4.4	       -1.15348
           -4.3	        -1.1751
           -4.2	       -1.19491
           -4.1	       -1.21263
             -4	         -1.228
           -3.9	       -1.24077
           -3.8	       -1.25067
           -3.7	       -1.25744
           -3.6	       -1.26083
           -3.5	       -1.26057
           -3.4	        -1.2564
           -3.3	       -1.24806
           -3.2	        -1.2353
           -3.1	       -1.21784
             -3	       -1.19543
           -2.9	       -1.16781
           -2.8	       -1.13472
           -2.7	       -1.09589
           -2.6	       -1.05107
           -2.5	             -1
           -2.4	      -0.942546
           -2.3	      -0.879113
           -2.2	      -0.810235
           -2.1	      -0.736448
             -2	      -0.658286
           -1.9	      -0.576283
           -1.8	      -0.490976
           -1.7	      -0.402898
           -1.6	      -0.312585
           -1.5	      -0.220571
           -1.4	      -0.127392
           -1.3	     -0.0335817
           -1.2	      0.0603246
           -1.1	       0.153792
             -1	       0.246286
           -0.9	       0.337271
           -0.8	       0.426213
           -0.7	       0.512576
           -0.6	       0.595826
           -0.5	       0.675429
           -0.4	       0.750848
           -0.3	        0.82155
           -0.2	       0.886999
           -0.1	       0.946661
   -1.02696e-15	              1
            0.1	        1.04663
            0.2	        1.08674
            0.3	        1.12069
            0.4	         1.1488
            0.5	        1.17143
            0.6	        1.18891
            0.7	         1.2016
            0.8	        1.20983
            0.9	        1.21394
              1	        1.21429
            1.1	         1.2112
            1.2	        1.20503
            1.3	        1.19611
            1.4	         1.1848
            1.5	        1.17143
            1.6	        1.15634
            1.7	        1.13989
            1.8	         1.1224
            1.9	        1.10423
              2	        1.08571
            2.1	         1.0672
            2.2	        1.04903
            2.3	        1.03154
            2.4	        1.01509
            2.5	              1
            2.6	        0.98656
            2.7	       0.974766
            2.8	       0.964549
            2.9	        0.95584
              3	       0.948571
            3.1	       0.942674
            3.2	        0.93808
            3.3	        0.93472
            3.4	       0.932526
            3.5	       0.931429
            3.6	        0.93136
            3.7	       0.932251
            3.8	       0.934034
            3.9	        0.93664
              4	           0.94
            4.1	       0.944046
            4.2	       0.948709
            4.3	        0.95392
            4.4	       0.959611
            4.5	       0.965714
            4.6	        0.97216
            4.7	        0.97888
            4.8	       0.985806
            4.9	       0.992869
              5	              1
*********************************DLA 10 WEZLOW*********************************


	Druga pochodna wzorami:
	0	0	0	0	2	-2	0	0	0	0
	Druga pochodna z ilorazu roznicowego:
	0	0	0	0	0	0	0	0	0	0	             -5	             -1
           -4.9	      -0.999526
           -4.8	      -0.999081
           -4.7	      -0.998694
           -4.6	      -0.998392
           -4.5	      -0.998206
           -4.4	      -0.998163
           -4.3	      -0.998292
           -4.2	      -0.998622
           -4.1	      -0.999182
             -4	             -1
           -3.9	       -1.00108
           -3.8	        -1.0023
           -3.7	       -1.00352
           -3.6	       -1.00459
           -3.5	       -1.00538
           -3.4	       -1.00574
           -3.3	       -1.00553
           -3.2	       -1.00459
           -3.1	        -1.0028
             -3	             -1
           -2.9	      -0.996167
           -2.8	      -0.991732
           -2.7	      -0.987239
           -2.6	      -0.983234
           -2.5	      -0.980263
           -2.4	      -0.978871
           -2.3	      -0.979603
           -2.2	      -0.983005
           -2.1	      -0.989622
             -2	             -1
           -1.9	       -1.01425
           -1.8	       -1.03078
           -1.7	       -1.04753
           -1.6	       -1.06247
           -1.5	       -1.07356
           -1.4	       -1.07878
           -1.3	       -1.07606
           -1.2	       -1.06339
           -1.1	       -1.03871
             -1	             -1
           -0.9	      -0.945818
           -0.8	      -0.877167
           -0.7	      -0.795656
           -0.6	       -0.70289
           -0.5	      -0.600478
           -0.4	      -0.490029
           -0.3	      -0.373148
           -0.2	      -0.251445
           -0.1	      -0.126526
   -1.02696e-15	   -1.38778e-15
            0.1	       0.126526
            0.2	       0.251445
            0.3	       0.373148
            0.4	       0.490029
            0.5	       0.600478
            0.6	        0.70289
            0.7	       0.795656
            0.8	       0.877167
            0.9	       0.945818
              1	              1
            1.1	        1.03871
            1.2	        1.06339
            1.3	        1.07606
            1.4	        1.07878
            1.5	        1.07356
            1.6	        1.06247
            1.7	        1.04753
            1.8	        1.03078
            1.9	        1.01425
              2	              1
            2.1	       0.989622
            2.2	       0.983005
            2.3	       0.979603
            2.4	       0.978871
            2.5	       0.980263
            2.6	       0.983234
            2.7	       0.987239
            2.8	       0.991732
            2.9	       0.996167
              3	              1
            3.1	         1.0028
            3.2	        1.00459
            3.3	        1.00553
            3.4	        1.00574
            3.5	        1.00538
            3.6	        1.00459
            3.7	        1.00352
            3.8	         1.0023
            3.9	        1.00108
              4	              1
            4.1	       0.999182
            4.2	       0.998622
            4.3	       0.998292
            4.4	       0.998163
            4.5	       0.998206
            4.6	       0.998392
            4.7	       0.998694
            4.8	       0.999081
            4.9	       0.999526
              5	              1
*********************************DLA 20 WEZLOW*********************************


	Druga pochodna wzorami:
	0	0	0	0	0	0	0	0	0	8	-8	0	0	0	0	0	0	0	0	0
	Druga pochodna z ilorazu roznicowego:
	0	0	0	0	0	0	0	0	0	0	0	0	0	0	0	0	0	0	0	0	             -5	             -1
           -4.9	             -1
           -4.8	             -1
           -4.7	             -1
           -4.6	             -1
           -4.5	             -1
           -4.4	      -0.999997
           -4.3	      -0.999994
           -4.2	      -0.999992
           -4.1	      -0.999994
             -4	             -1
           -3.9	       -1.00001
           -3.8	       -1.00002
           -3.7	       -1.00003
           -3.6	       -1.00002
           -3.5	             -1
           -3.4	      -0.999957
           -3.3	      -0.999914
           -3.2	      -0.999891
           -3.1	      -0.999912
             -3	             -1
           -2.9	       -1.00016
           -2.8	       -1.00032
           -2.7	       -1.00041
           -2.6	       -1.00033
           -2.5	             -1
           -2.4	      -0.999408
           -2.3	      -0.998798
           -2.2	      -0.998485
           -2.1	      -0.998781
             -2	             -1
           -1.9	       -1.00221
           -1.8	       -1.00448
           -1.7	       -1.00566
           -1.6	       -1.00455
           -1.5	             -1
           -1.4	      -0.991756
           -1.3	      -0.983264
           -1.2	      -0.978894
           -1.1	      -0.983016
             -1	             -1
           -0.9	       -1.03077
           -0.8	       -1.06246
           -0.7	       -1.07877
           -0.6	       -1.06338
           -0.5	             -1
           -0.4	      -0.877169
           -0.3	      -0.702892
           -0.2	      -0.490031
           -0.1	      -0.251446
   -1.02696e-15	   -2.41474e-15
            0.1	       0.251446
            0.2	       0.490031
            0.3	       0.702892
            0.4	       0.877169
            0.5	              1
            0.6	        1.06338
            0.7	        1.07877
            0.8	        1.06246
            0.9	        1.03077
              1	              1
            1.1	       0.983016
            1.2	       0.978894
            1.3	       0.983264
            1.4	       0.991756
            1.5	              1
            1.6	        1.00455
            1.7	        1.00566
            1.8	        1.00448
            1.9	        1.00221
              2	              1
            2.1	       0.998781
            2.2	       0.998485
            2.3	       0.998798
            2.4	       0.999408
            2.5	              1
            2.6	        1.00033
            2.7	        1.00041
            2.8	        1.00032
            2.9	        1.00016
              3	              1
            3.1	       0.999912
            3.2	       0.999891
            3.3	       0.999914
            3.4	       0.999957
            3.5	              1
            3.6	        1.00002
            3.7	        1.00003
            3.8	        1.00002
            3.9	        1.00001
              4	              1
            4.1	       0.999994
            4.2	       0.999992
            4.3	       0.999994
            4.4	       0.999997
            4.5	              1
            4.6	              1
            4.7	              1
            4.8	              1
            4.9	              1
              5	              1
                     

WYKRES 2


*********************************DLA 5 WEZLOW*********************************


	Druga pochodna wzorami:
	0	-0.19507	-0.687684	-0.19507	0
	Druga pochodna z ilorazu roznicowego:
	3.34511	-1.13087	-3.98668	-1.13087	3.34511	             -5	      -0.839072
           -4.9	      -0.793612
           -4.8	      -0.748158
           -4.7	      -0.702714
           -4.6	      -0.657286
           -4.5	      -0.611879
           -4.4	      -0.566499
           -4.3	       -0.52115
           -4.2	      -0.475839
           -4.1	       -0.43057
             -4	      -0.385348
           -3.9	       -0.34018
           -3.8	      -0.295069
           -3.7	      -0.250022
           -3.6	      -0.205044
           -3.5	       -0.16014
           -3.4	      -0.115315
           -3.3	     -0.0705754
           -3.2	     -0.0259253
           -3.1	      0.0186295
             -3	      0.0630838
           -2.9	       0.107432
           -2.8	        0.15167
           -2.7	       0.195791
           -2.6	        0.23979
           -2.5	       0.283662
           -2.4	       0.327381
           -2.3	       0.370839
           -2.2	       0.413905
           -2.1	        0.45645
             -2	       0.498344
           -1.9	       0.539458
           -1.8	       0.579662
           -1.7	       0.618826
           -1.6	       0.656822
           -1.5	       0.693518
           -1.4	       0.728787
           -1.3	       0.762497
           -1.2	       0.794521
           -1.1	       0.824727
             -1	       0.852986
           -0.9	       0.879169
           -0.8	       0.903146
           -0.7	       0.924788
           -0.6	       0.943965
           -0.5	       0.960546
           -0.4	       0.974404
           -0.3	       0.985408
           -0.2	       0.993428
           -0.1	       0.998335
   -1.02696e-15	              1
            0.1	       0.998335
            0.2	       0.993428
            0.3	       0.985408
            0.4	       0.974404
            0.5	       0.960546
            0.6	       0.943965
            0.7	       0.924788
            0.8	       0.903146
            0.9	       0.879169
              1	       0.852986
            1.1	       0.824727
            1.2	       0.794521
            1.3	       0.762497
            1.4	       0.728787
            1.5	       0.693518
            1.6	       0.656822
            1.7	       0.618826
            1.8	       0.579662
            1.9	       0.539458
              2	       0.498344
            2.1	        0.45645
            2.2	       0.413905
            2.3	       0.370839
            2.4	       0.327381
            2.5	       0.283662
            2.6	        0.23979
            2.7	       0.195791
            2.8	        0.15167
            2.9	       0.107432
              3	      0.0630838
            3.1	      0.0186295
            3.2	     -0.0259253
            3.3	     -0.0705754
            3.4	      -0.115315
            3.5	       -0.16014
            3.6	      -0.205044
            3.7	      -0.250022
            3.8	      -0.295069
            3.9	       -0.34018
              4	      -0.385348
            4.1	       -0.43057
            4.2	      -0.475839
            4.3	       -0.52115
            4.4	      -0.566499
            4.5	      -0.611879
            4.6	      -0.657286
            4.7	      -0.702714
            4.8	      -0.748158
            4.9	      -0.793612
              5	      -0.839072
*********************************DLA 10 WEZLOW*********************************


	Druga pochodna wzorami:
	0	1.2363	-8.15845	5.55393	-0.474994	-0.474994	5.55393	-8.15845	1.2363	0
	Druga pochodna z ilorazu roznicowego:
	3.34511	0.580063	-3.8279	2.60587	1.65905	1.65905	2.60587	-3.8279	0.580063	3.34511	             -5	      -0.839072
           -4.9	       -0.80336
           -4.8	      -0.765609
           -4.7	      -0.723779
           -4.6	      -0.675833
           -4.5	       -0.61973
           -4.4	      -0.553431
           -4.3	      -0.474898
           -4.2	      -0.382091
           -4.1	      -0.272972
             -4	        -0.1455
           -3.9	    0.000735676
           -3.8	        0.15964
           -3.7	       0.323489
           -3.6	        0.48456
           -3.5	        0.63513
           -3.4	       0.767477
           -3.3	       0.873878
           -3.2	       0.946609
           -3.1	       0.977947
             -3	        0.96017
           -2.9	       0.888519
           -2.8	       0.770093
           -2.7	       0.614955
           -2.6	       0.433169
           -2.5	       0.234796
           -2.4	      0.0299007
           -2.3	      -0.171454
           -2.2	      -0.359205
           -2.1	      -0.523289
             -2	      -0.653644
           -1.9	      -0.742733
           -1.8	      -0.793134
           -1.7	      -0.809951
           -1.6	      -0.798291
           -1.5	      -0.763256
           -1.4	      -0.709952
           -1.3	      -0.643485
           -1.2	      -0.568958
           -1.1	      -0.491477
             -1	      -0.416147
           -0.9	      -0.347221
           -0.8	       -0.28555
           -0.7	      -0.231135
           -0.6	      -0.183975
           -0.5	      -0.144071
           -0.4	      -0.111422
           -0.3	     -0.0860279
           -0.2	     -0.0678895
           -0.1	     -0.0570065
   -1.02696e-15	     -0.0533788
            0.1	     -0.0570065
            0.2	     -0.0678895
            0.3	     -0.0860279
            0.4	      -0.111422
            0.5	      -0.144071
            0.6	      -0.183975
            0.7	      -0.231135
            0.8	       -0.28555
            0.9	      -0.347221
              1	      -0.416147
            1.1	      -0.491477
            1.2	      -0.568958
            1.3	      -0.643485
            1.4	      -0.709952
            1.5	      -0.763256
            1.6	      -0.798291
            1.7	      -0.809951
            1.8	      -0.793134
            1.9	      -0.742733
              2	      -0.653644
            2.1	      -0.523289
            2.2	      -0.359205
            2.3	      -0.171454
            2.4	      0.0299007
            2.5	       0.234796
            2.6	       0.433169
            2.7	       0.614955
            2.8	       0.770093
            2.9	       0.888519
              3	        0.96017
            3.1	       0.977947
            3.2	       0.946609
            3.3	       0.873878
            3.4	       0.767477
            3.5	        0.63513
            3.6	        0.48456
            3.7	       0.323489
            3.8	        0.15964
            3.9	    0.000735676
              4	        -0.1455
            4.1	      -0.272972
            4.2	      -0.382091
            4.3	      -0.474898
            4.4	      -0.553431
            4.5	       -0.61973
            4.6	      -0.675833
            4.7	      -0.723779
            4.8	      -0.765609
            4.9	       -0.80336
              5	      -0.839072
*********************************DLA 20 WEZLOW*********************************


	Druga pochodna wzorami:
	0	10.0523	1.60526	-8.31761	-10.5933	-3.12957	7.21148	10.9223	4.59124	-7.65159	-7.65159	4.59124	10.9223	7.21148	-3.12957	-10.5933	-8.31761	1.60526	10.0523	0
	Druga pochodna z ilorazu roznicowego:
	3.34511	3.63239	0.580063	-3.00557	-3.8279	-1.13087	2.60587	3.94679	1.65905	-2.15401	-2.15401	1.65905	3.94679	2.60587	-1.13087	-3.8279	-3.00557	0.580063	3.63239	3.34511	             -5	      -0.839072
           -4.9	      -0.892952
           -4.8	      -0.936965
           -4.7	      -0.961243
           -4.6	      -0.955921
           -4.5	       -0.91113
           -4.4	       -0.82017
           -4.3	         -0.689
           -4.2	      -0.526747
           -4.1	      -0.342539
             -4	        -0.1455
           -3.9	      0.0555717
           -3.8	       0.253197
           -3.7	       0.440227
           -3.6	       0.609512
           -3.5	       0.753902
           -3.4	       0.867112
           -3.3	        0.94631
           -3.2	        0.98953
           -3.1	       0.994806
             -3	        0.96017
           -2.9	        0.88497
           -2.8	       0.773805
           -2.7	        0.63259
           -2.6	       0.467237
           -2.5	       0.283662
           -2.4	      0.0881531
           -2.3	      -0.111499
           -2.2	      -0.307126
           -2.1	      -0.490564
             -2	      -0.653644
           -1.9	      -0.789097
           -1.8	      -0.893242
           -1.7	      -0.963296
           -1.6	      -0.996474
           -1.5	      -0.989992
           -1.4	      -0.942274
           -1.3	      -0.856572
           -1.2	      -0.737343
           -1.1	      -0.589049
             -1	      -0.416147
           -0.9	      -0.224065
           -0.8	     -0.0221076
           -0.7	       0.179454
           -0.6	       0.370348
           -0.5	       0.540302
           -0.4	       0.680756
           -0.3	       0.789998
           -0.2	       0.868028
           -0.1	       0.914846
   -1.02696e-15	       0.930452
            0.1	       0.914846
            0.2	       0.868028
            0.3	       0.789998
            0.4	       0.680756
            0.5	       0.540302
            0.6	       0.370348
            0.7	       0.179454
            0.8	     -0.0221076
            0.9	      -0.224065
              1	      -0.416147
            1.1	      -0.589049
            1.2	      -0.737343
            1.3	      -0.856572
            1.4	      -0.942274
            1.5	      -0.989992
            1.6	      -0.996474
            1.7	      -0.963296
            1.8	      -0.893242
            1.9	      -0.789097
              2	      -0.653644
            2.1	      -0.490564
            2.2	      -0.307126
            2.3	      -0.111499
            2.4	      0.0881531
            2.5	       0.283662
            2.6	       0.467237
            2.7	        0.63259
            2.8	       0.773805
            2.9	        0.88497
              3	        0.96017
            3.1	       0.994806
            3.2	        0.98953
            3.3	        0.94631
            3.4	       0.867112
            3.5	       0.753902
            3.6	       0.609512
            3.7	       0.440227
            3.8	       0.253197
            3.9	      0.0555717
              4	        -0.1455
            4.1	      -0.342539
            4.2	      -0.526747
            4.3	         -0.689
            4.4	       -0.82017
            4.5	       -0.91113
            4.6	      -0.955921
            4.7	      -0.961243
            4.8	      -0.936965
            4.9	      -0.892952
              5	      -0.839072
